mfh : 1.41245609
mfw : 1.41331424
zhd : 2.306538 m
zwd : 0.236852 m
ah  : 1.2553798243e-03
aw  : 6.3925678423e-04
bh  : 2.7038740051e-03
bw  : 1.4051038946e-03
ch  : 5.6424486195e-02
cw  : 4.0588769950e-02
