mfh : 1.41246059
mfw : 1.41352648
zhd : 2.316989 m
zwd : 0.134131 m
ah  : 1.2521598644e-03
aw  : 4.8824710318e-04
bh  : 2.7042016086e-03
bw  : 1.4052317839e-03
ch  : 5.6432673330e-02
cw  : 4.0604155276e-02
