mfh : 1.41245343
mfw : 1.41339763
zhd : 2.308286 m
zwd : 0.141969 m
ah  : 1.2572869237e-03
aw  : 5.7991090558e-04
bh  : 2.7036159071e-03
bw  : 1.4050036730e-03
ch  : 5.6417954302e-02
cw  : 4.0576374024e-02
