mfh : 1.41246143
mfw : 1.41350096
zhd : 2.312994 m
zwd : 0.144084 m
ah  : 1.2515588020e-03
aw  : 5.0640012013e-04
bh  : 2.7041356525e-03
bw  : 1.4052059891e-03
ch  : 5.6431034251e-02
cw  : 4.0601089485e-02
