mfh : 1.41244981
mfw : 1.41341131
zhd : 2.308842 m
zwd : 0.134733 m
ah  : 1.2598766150e-03
aw  : 5.7017511072e-04
bh  : 2.7035519477e-03
bw  : 1.4049789314e-03
ch  : 5.6416324316e-02
cw  : 4.0573265253e-02
