mfh : 1.41245728
mfw : 1.41355294
zhd : 2.320088 m
zwd : 0.111308 m
ah  : 1.2545319177e-03
aw  : 4.6942402187e-04
bh  : 2.7042677797e-03
bw  : 1.4052576814e-03
ch  : 5.6434313111e-02
cw  : 4.0607214853e-02
