mfh : 1.41245197
mfw : 1.41335047
zhd : 2.306454 m
zwd : 0.208188 m
ah  : 1.2583295299e-03
aw  : 6.1346771411e-04
bh  : 2.7037445069e-03
bw  : 1.4050535384e-03
ch  : 5.6421217982e-02
cw  : 4.0582580390e-02
