mfh : 1.41246146
mfw : 1.41346583
zhd : 2.308888 m
zwd : 0.187798 m
ah  : 1.2515400064e-03
aw  : 5.3138489556e-04
bh  : 2.7040043907e-03
bw  : 1.4051547191e-03
ch  : 5.6427758449e-02
cw  : 4.0594940415e-02
