mfh : 1.41246040
mfw : 1.41347350
zhd : 2.310795 m
zwd : 0.169744 m
ah  : 1.2522948000e-03
aw  : 5.2593431452e-04
bh  : 2.7040699128e-03
bw  : 1.4051802998e-03
ch  : 5.6429395937e-02
cw  : 4.0598017768e-02
