mfh : 1.41247045
mfw : 1.41335756
zhd : 2.292740 m
zwd : 0.153660 m
ah  : 1.2451128509e-03
aw  : 6.0843905260e-04
bh  : 2.7074805444e-03
bw  : 1.4082272735e-03
ch  : 5.6279169098e-02
cw  : 4.0289703115e-02
