mfh : 1.41245300
mfw : 1.41338313
zhd : 2.308653 m
zwd : 0.165188 m
ah  : 1.2575965665e-03
aw  : 5.9022825200e-04
bh  : 2.7036800940e-03
bw  : 1.4050285430e-03
ch  : 5.6419585545e-02
cw  : 4.0579479165e-02
