mfh : 1.41245945
mfw : 1.41342474
zhd : 2.306351 m
zwd : 0.213009 m
ah  : 1.2529761305e-03
aw  : 5.6062276914e-04
bh  : 2.7039390877e-03
bw  : 1.4051292497e-03
ch  : 5.6426121848e-02
cw  : 4.0591857713e-02
