mfh : 1.41245427
mfw : 1.41326048
zhd : 2.305545 m
zwd : 0.250197 m
ah  : 1.2566852371e-03
aw  : 6.7752025554e-04
bh  : 2.7038091444e-03
bw  : 1.4050786566e-03
ch  : 5.6422851553e-02
cw  : 4.0585677414e-02
