(footprint "RQM0029A"
	(version 20240108)
	(generator "pcbnew")
	(generator_version "8.0")
	(layer "F.Cu")
	(property "Reference" "REF**"
		(at 0 -2.75 0)
		(unlocked yes)
		(layer "F.SilkS")
		(uuid "cd358847-6f99-4919-8c61-7ef55f2845b8")
		(effects
			(font
				(size 0.75 0.75)
				(thickness 0.12)
			)
		)
	)
	(property "Value" "BQ25798"
		(at 0 0 0)
		(unlocked yes)
		(layer "User.1")
		(hide yes)
		(uuid "42715d5c-3db9-4738-975f-176a19966059")
		(effects
			(font
				(size 0.5 0.5)
				(thickness 0.05)
			)
		)
	)
	(property "Footprint" "DS-PMIC-SMD:RQM0029A"
		(at 0 0 0)
		(unlocked yes)
		(layer "F.Fab")
		(hide yes)
		(uuid "37a04dab-5652-43f0-944f-54d3ceb81f61")
		(effects
			(font
				(size 1 1)
				(thickness 0.15)
			)
		)
	)
	(property "Datasheet" "datasheets/Texas-Instruments-BQ25798.pdf"
		(at 0 0 0)
		(unlocked yes)
		(layer "F.Fab")
		(hide yes)
		(uuid "7798ff5a-c8b4-473b-98e3-659ca1acfa03")
		(effects
			(font
				(size 1 1)
				(thickness 0.15)
			)
		)
	)
	(property "Description" "IC CONTROLLED, 1-4-CELL, 5-A BUC"
		(at 0 0 0)
		(unlocked yes)
		(layer "F.Fab")
		(hide yes)
		(uuid "4dc3e4b5-7de5-48c5-8992-a9f921ffe5f4")
		(effects
			(font
				(size 1 1)
				(thickness 0.15)
			)
		)
	)
	(property "Manufacturer" "Texas Instruments"
		(at 0 0 0)
		(unlocked yes)
		(layer "F.Fab")
		(hide yes)
		(uuid "1474d05b-39e9-4da0-8f50-50d122091fef")
		(effects
			(font
				(size 1 1)
				(thickness 0.15)
			)
		)
	)
	(property "MPN" "BQ25798RQMR"
		(at 0 0 0)
		(unlocked yes)
		(layer "F.Fab")
		(hide yes)
		(uuid "25a23015-e097-45c3-bda1-16c5fc7c70f1")
		(effects
			(font
				(size 1 1)
				(thickness 0.15)
			)
		)
	)
	(property "DKPN" "296-BQ25798RQMRCT-ND"
		(at 0 0 0)
		(unlocked yes)
		(layer "F.Fab")
		(hide yes)
		(uuid "59ba2c4a-27d8-496d-820a-8de63ab20c34")
		(effects
			(font
				(size 1 1)
				(thickness 0.15)
			)
		)
	)
	(attr smd allow_soldermask_bridges)
	(fp_poly
		(pts
			(xy -2.25 -1.85) (xy -2.5 -1.6) (xy -2.5 -2.1)
		)
		(stroke
			(width 0.1)
			(type solid)
		)
		(fill solid)
		(layer "F.SilkS")
		(uuid "f79141bb-5177-4b65-983f-f169a974314b")
	)
	(fp_rect
		(start -2 -2)
		(end 2 2)
		(stroke
			(width 0.025)
			(type default)
		)
		(fill none)
		(layer "Dwgs.User")
		(uuid "ef064ff8-53c2-4bfa-b7d0-b33988917d29")
	)
	(fp_line
		(start -0.35 0)
		(end 0.35 0)
		(stroke
			(width 0.05)
			(type solid)
		)
		(layer "F.Fab")
		(uuid "e37d9dd8-de0d-4544-8da5-ea6c1c202145")
	)
	(fp_line
		(start 0 -0.35)
		(end 0 0.35)
		(stroke
			(width 0.05)
			(type solid)
		)
		(layer "F.Fab")
		(uuid "3cdd0751-0b78-47be-921d-aa7a66725b9c")
	)
	(fp_rect
		(start -2.05 -2.05)
		(end 2.05 2.05)
		(stroke
			(width 0.12)
			(type default)
		)
		(fill none)
		(layer "F.Fab")
		(uuid "41e494b2-9ab2-4989-af90-65960fe4db90")
	)
	(fp_circle
		(center 0 0)
		(end 0.25 0)
		(stroke
			(width 0.05)
			(type solid)
		)
		(fill none)
		(layer "F.Fab")
		(uuid "5de2b2af-5001-49da-a75f-cd11b95237f5")
	)
	(fp_text user "${REFERENCE}"
		(at 0 0 0)
		(unlocked yes)
		(layer "User.1")
		(hide yes)
		(uuid "1aeb40c1-9fcd-4ef9-b724-91b99e74519e")
		(effects
			(font
				(size 0.5 0.5)
				(thickness 0.05)
			)
		)
	)
	(pad "1" smd custom
		(at -1.75 -1.6)
		(size 0.2 0.2)
		(layers "F.Cu" "F.Paste" "F.Mask")
		(thermal_bridge_angle 90)
		(options
			(clearance outline)
			(anchor circle)
		)
		(primitives
			(gr_poly
				(pts
					(xy -0.45 0.05) (xy -0.446194 0.069134) (xy -0.435355 0.085355) (xy -0.419134 0.096194) (xy -0.4 0.1)
					(xy 0.4 0.1) (xy 0.419134 0.096194) (xy 0.435355 0.085355) (xy 0.446194 0.069134) (xy 0.45 0.05)
					(xy 0.45 -0.05) (xy 0.446194 -0.069134) (xy 0.435355 -0.085355) (xy 0.419134 -0.096194) (xy 0.4 -0.1)
					(xy -0.4 -0.1) (xy -0.419134 -0.096194) (xy -0.435355 -0.085355) (xy -0.446194 -0.069134) (xy -0.45 -0.05)
				)
				(width 0)
				(fill yes)
			)
			(gr_poly
				(pts
					(xy 0.3 -0.6) (xy 0.280866 -0.596194) (xy 0.264645 -0.585355) (xy 0.253806 -0.569134) (xy 0.25 -0.55)
					(xy 0.25 -0.05) (xy 0.253806 -0.030866) (xy 0.264645 -0.014645) (xy 0.280866 -0.003806) (xy 0.3 0)
					(xy 0.4 0) (xy 0.419134 -0.003806) (xy 0.435355 -0.014645) (xy 0.446194 -0.030866) (xy 0.45 -0.05)
					(xy 0.45 -0.55) (xy 0.446194 -0.569134) (xy 0.435355 -0.585355) (xy 0.419134 -0.596194) (xy 0.4 -0.6)
				)
				(width 0)
				(fill yes)
			)
		)
		(uuid "0fdee30d-baab-4ca9-a106-7d8b2053e7ed")
	)
	(pad "2" smd roundrect
		(at -1.9 -1.2)
		(size 0.6 0.2)
		(layers "F.Cu" "F.Paste" "F.Mask")
		(roundrect_rratio 0.25)
		(uuid "6be04276-152e-4a67-a253-d89f9d531da7")
	)
	(pad "3" smd roundrect
		(at -1.9 -0.8)
		(size 0.6 0.2)
		(layers "F.Cu" "F.Paste" "F.Mask")
		(roundrect_rratio 0.25)
		(uuid "1d717316-e6a2-4ee1-adb8-8fcc99e92911")
	)
	(pad "4" smd roundrect
		(at -1.9 -0.4)
		(size 0.6 0.2)
		(layers "F.Cu" "F.Paste" "F.Mask")
		(roundrect_rratio 0.25)
		(uuid "cd59188a-4f14-4d33-9c63-cc2aacc64f3c")
	)
	(pad "5" smd roundrect
		(at -1.9 0)
		(size 0.6 0.2)
		(layers "F.Cu" "F.Paste" "F.Mask")
		(roundrect_rratio 0.25)
		(uuid "e92e92d8-82de-423f-b654-7287148ef4bf")
	)
	(pad "6" smd roundrect
		(at -1.9 0.4)
		(size 0.6 0.2)
		(layers "F.Cu" "F.Paste" "F.Mask")
		(roundrect_rratio 0.25)
		(uuid "1e99bf5b-bcb0-48d5-ba12-ce48aa64d130")
	)
	(pad "7" smd roundrect
		(at -1.9 0.8)
		(size 0.6 0.2)
		(layers "F.Cu" "F.Paste" "F.Mask")
		(roundrect_rratio 0.25)
		(uuid "5d47e6b8-e052-4915-843a-87d08839643d")
	)
	(pad "8" smd roundrect
		(at -1.9 1.2)
		(size 0.6 0.2)
		(layers "F.Cu" "F.Paste" "F.Mask")
		(roundrect_rratio 0.25)
		(uuid "dcc64483-deee-45e7-99e7-b723b4daa425")
	)
	(pad "9" smd custom
		(at -1.75 1.6)
		(size 0.2 0.2)
		(layers "F.Cu" "F.Paste" "F.Mask")
		(thermal_bridge_angle 90)
		(options
			(clearance outline)
			(anchor circle)
		)
		(primitives
			(gr_poly
				(pts
					(xy -0.45 -0.05) (xy -0.446194 -0.069134) (xy -0.435355 -0.085355) (xy -0.419134 -0.096194) (xy -0.4 -0.1)
					(xy 0.4 -0.1) (xy 0.419134 -0.096194) (xy 0.435355 -0.085355) (xy 0.446194 -0.069134) (xy 0.45 -0.05)
					(xy 0.45 0.05) (xy 0.446194 0.069134) (xy 0.435355 0.085355) (xy 0.419134 0.096194) (xy 0.4 0.1)
					(xy -0.4 0.1) (xy -0.419134 0.096194) (xy -0.435355 0.085355) (xy -0.446194 0.069134) (xy -0.45 0.05)
				)
				(width 0)
				(fill yes)
			)
			(gr_poly
				(pts
					(xy 0.3 0.6) (xy 0.280866 0.596194) (xy 0.264645 0.585355) (xy 0.253806 0.569134) (xy 0.25 0.55)
					(xy 0.25 0.05) (xy 0.253806 0.030866) (xy 0.264645 0.014645) (xy 0.280866 0.003806) (xy 0.3 0)
					(xy 0.4 0) (xy 0.419134 0.003806) (xy 0.435355 0.014645) (xy 0.446194 0.030866) (xy 0.45 0.05)
					(xy 0.45 0.55) (xy 0.446194 0.569134) (xy 0.435355 0.585355) (xy 0.419134 0.596194) (xy 0.4 0.6)
				)
				(width 0)
				(fill yes)
			)
		)
		(uuid "eeff68f5-3db3-4d91-8c46-343a1b49b941")
	)
	(pad "10" smd roundrect
		(at -1 1.9 90)
		(size 0.6 0.2)
		(layers "F.Cu" "F.Paste" "F.Mask")
		(roundrect_rratio 0.25)
		(uuid "1e184814-1643-4def-88d0-6643ff5c4d09")
	)
	(pad "11" smd roundrect
		(at -0.6 1.9 90)
		(size 0.6 0.2)
		(layers "F.Cu" "F.Paste" "F.Mask")
		(roundrect_rratio 0.25)
		(uuid "e635bf0d-2ad2-4658-a652-59b2c75303cf")
	)
	(pad "12" smd roundrect
		(at -0.2 1.9 90)
		(size 0.6 0.2)
		(layers "F.Cu" "F.Paste" "F.Mask")
		(roundrect_rratio 0.25)
		(uuid "66f99024-d98f-427f-93bc-ac2a093b6e0f")
	)
	(pad "13" smd roundrect
		(at 0.2 1.9 90)
		(size 0.6 0.2)
		(layers "F.Cu" "F.Paste" "F.Mask")
		(roundrect_rratio 0.25)
		(uuid "4003dbe6-225d-49c1-80c1-50bc2e14f862")
	)
	(pad "14" smd roundrect
		(at 0.6 1.9 90)
		(size 0.6 0.2)
		(layers "F.Cu" "F.Paste" "F.Mask")
		(roundrect_rratio 0.25)
		(uuid "914043a9-60fc-42be-8af3-b0caea4dc8ce")
	)
	(pad "15" smd roundrect
		(at 1 1.9 90)
		(size 0.6 0.2)
		(layers "F.Cu" "F.Paste" "F.Mask")
		(roundrect_rratio 0.25)
		(uuid "efbbd9b3-bb7a-4044-91ad-cfff4e7231b5")
	)
	(pad "16" smd custom
		(at 1.75 1.6)
		(size 0.2 0.2)
		(layers "F.Cu" "F.Paste" "F.Mask")
		(thermal_bridge_angle 90)
		(options
			(clearance outline)
			(anchor circle)
		)
		(primitives
			(gr_poly
				(pts
					(xy 0.45 -0.05) (xy 0.446194 -0.069134) (xy 0.435355 -0.085355) (xy 0.419134 -0.096194) (xy 0.4 -0.1)
					(xy -0.4 -0.1) (xy -0.419134 -0.096194) (xy -0.435355 -0.085355) (xy -0.446194 -0.069134) (xy -0.45 -0.05)
					(xy -0.45 0.05) (xy -0.446194 0.069134) (xy -0.435355 0.085355) (xy -0.419134 0.096194) (xy -0.4 0.1)
					(xy 0.4 0.1) (xy 0.419134 0.096194) (xy 0.435355 0.085355) (xy 0.446194 0.069134) (xy 0.45 0.05)
				)
				(width 0)
				(fill yes)
			)
			(gr_poly
				(pts
					(xy -0.3 0.6) (xy -0.280866 0.596194) (xy -0.264645 0.585355) (xy -0.253806 0.569134) (xy -0.25 0.55)
					(xy -0.25 0.05) (xy -0.253806 0.030866) (xy -0.264645 0.014645) (xy -0.280866 0.003806) (xy -0.3 0)
					(xy -0.4 0) (xy -0.419134 0.003806) (xy -0.435355 0.014645) (xy -0.446194 0.030866) (xy -0.45 0.05)
					(xy -0.45 0.55) (xy -0.446194 0.569134) (xy -0.435355 0.585355) (xy -0.419134 0.596194) (xy -0.4 0.6)
				)
				(width 0)
				(fill yes)
			)
		)
		(uuid "f42b1d98-4e34-4edb-8fff-f90072876f9f")
	)
	(pad "17" smd roundrect
		(at 1.85 1.2 180)
		(size 0.7 0.2)
		(layers "F.Cu" "F.Paste" "F.Mask")
		(roundrect_rratio 0.25)
		(uuid "607cb97a-4a4c-485f-a0cb-698481db7260")
	)
	(pad "18" smd roundrect
		(at 1.875 0.8 180)
		(size 0.65 0.2)
		(layers "F.Cu" "F.Paste" "F.Mask")
		(roundrect_rratio 0.25)
		(uuid "bd269291-a204-47f9-9a04-b9608122e682")
	)
	(pad "19" smd roundrect
		(at 1.8625 0.4 180)
		(size 0.68 0.2)
		(layers "F.Cu" "F.Paste" "F.Mask")
		(roundrect_rratio 0.25)
		(uuid "0dfc3d87-bda7-46ca-b753-a3652dc60c5f")
	)
	(pad "20" smd roundrect
		(at 1.9 0 180)
		(size 0.6 0.2)
		(layers "F.Cu" "F.Paste" "F.Mask")
		(roundrect_rratio 0.25)
		(uuid "29cbcdca-6f3b-4a0c-ab5d-dc7ce3e8ccb4")
	)
	(pad "21" smd roundrect
		(at 1.9 -0.4 180)
		(size 0.6 0.2)
		(layers "F.Cu" "F.Paste" "F.Mask")
		(roundrect_rratio 0.25)
		(uuid "75222d4a-9287-4092-9b8a-0a860e1f9cc2")
	)
	(pad "22" smd roundrect
		(at 1.9 -0.8 180)
		(size 0.6 0.2)
		(layers "F.Cu" "F.Paste" "F.Mask")
		(roundrect_rratio 0.25)
		(uuid "4358e13f-b405-4a5c-ad03-44c64a619ea5")
	)
	(pad "23" smd roundrect
		(at 1.9 -1.2 180)
		(size 0.6 0.2)
		(layers "F.Cu" "F.Paste" "F.Mask")
		(roundrect_rratio 0.25)
		(uuid "68a4bcf6-cdc6-423d-b289-628d57ce0534")
	)
	(pad "24" smd custom
		(at 1.75 -1.6)
		(size 0.2 0.2)
		(layers "F.Cu" "F.Paste" "F.Mask")
		(thermal_bridge_angle 90)
		(options
			(clearance outline)
			(anchor circle)
		)
		(primitives
			(gr_poly
				(pts
					(xy 0.45 0.05) (xy 0.446194 0.069134) (xy 0.435355 0.085355) (xy 0.419134 0.096194) (xy 0.4 0.1)
					(xy -0.4 0.1) (xy -0.419134 0.096194) (xy -0.435355 0.085355) (xy -0.446194 0.069134) (xy -0.45 0.05)
					(xy -0.45 -0.05) (xy -0.446194 -0.069134) (xy -0.435355 -0.085355) (xy -0.419134 -0.096194) (xy -0.4 -0.1)
					(xy 0.4 -0.1) (xy 0.419134 -0.096194) (xy 0.435355 -0.085355) (xy 0.446194 -0.069134) (xy 0.45 -0.05)
				)
				(width 0)
				(fill yes)
			)
			(gr_poly
				(pts
					(xy -0.3 -0.6) (xy -0.280866 -0.596194) (xy -0.264645 -0.585355) (xy -0.253806 -0.569134) (xy -0.25 -0.55)
					(xy -0.25 -0.05) (xy -0.253806 -0.030866) (xy -0.264645 -0.014645) (xy -0.280866 -0.003806) (xy -0.3 0)
					(xy -0.4 0) (xy -0.419134 -0.003806) (xy -0.435355 -0.014645) (xy -0.446194 -0.030866) (xy -0.45 -0.05)
					(xy -0.45 -0.55) (xy -0.446194 -0.569134) (xy -0.435355 -0.585355) (xy -0.419134 -0.596194) (xy -0.4 -0.6)
				)
				(width 0)
				(fill yes)
			)
		)
		(uuid "55748650-3072-4920-9465-f8e190bd4ee1")
	)
	(pad "25" smd roundrect
		(at 0.9 -1.7 270)
		(size 1 0.2)
		(layers "F.Cu" "F.Paste" "F.Mask")
		(roundrect_rratio 0.25)
		(uuid "90af8b5e-e73c-40d6-bc68-7ecb3c38f124")
	)
	(pad "26" smd roundrect
		(at 0.45 -1.7 270)
		(size 1 0.2)
		(layers "F.Cu" "F.Paste" "F.Mask")
		(roundrect_rratio 0.25)
		(uuid "f4d01238-bb5a-4da4-bc5b-18ac052d3fee")
	)
	(pad "27" smd roundrect
		(at 0 -1.7 270)
		(size 1 0.2)
		(layers "F.Cu" "F.Paste" "F.Mask")
		(roundrect_rratio 0.25)
		(uuid "8fe37f92-21eb-43d6-b00e-e39673a0b83d")
	)
	(pad "28" smd roundrect
		(at -0.45 -1.7 270)
		(size 1 0.2)
		(layers "F.Cu" "F.Paste" "F.Mask")
		(roundrect_rratio 0.25)
		(uuid "3f219dd9-c428-43e4-b3b5-3d10f171f09e")
	)
	(pad "29" smd roundrect
		(at -0.9 -1.725 270)
		(size 0.95 0.2)
		(layers "F.Cu" "F.Paste" "F.Mask")
		(roundrect_rratio 0.25)
		(uuid "2d6406e0-8ab4-4fb2-ac48-fa098d8545f6")
	)
	(model "${KIPRJMOD}/libraries/3d_models/RQM0029A.STEP"
		(offset
			(xyz 0 0 0)
		)
		(scale
			(xyz 1 1 1)
		)
		(rotate
			(xyz 0 0 0)
		)
	)
)
