(footprint "RQM0029A"
	(version 20240108)
	(generator "pcbnew")
	(generator_version "8.0")
	(layer "F.Cu")
	(property "Reference" "REF**"
		(at -2.9 0.7 -90)
		(unlocked yes)
		(layer "F.SilkS")
		(uuid "5c432216-30d1-47d9-9402-fda30a4cf85f")
		(effects
			(font
				(size 0.75 0.75)
				(thickness 0.12)
			)
		)
	)
	(property "Value" "BQ25798"
		(at 0 0 0)
		(unlocked yes)
		(layer "User.1")
		(hide yes)
		(uuid "7077c67e-8dfc-49ca-9122-5b8a0fe2cc14")
		(effects
			(font
				(size 0.5 0.5)
				(thickness 0.05)
			)
		)
	)
	(property "Footprint" "lib_fp:RQM0029A"
		(at 0 0 0)
		(unlocked yes)
		(layer "F.Fab")
		(hide yes)
		(uuid "c7d3d9bf-9493-4c0e-b17e-5d2e0ca3d338")
		(effects
			(font
				(size 1 1)
				(thickness 0.15)
			)
		)
	)
	(property "Datasheet" "datasheets/Texas-Instruments-BQ25798.pdf"
		(at 0 0 0)
		(unlocked yes)
		(layer "F.Fab")
		(hide yes)
		(uuid "a9f0ab68-9ae4-48c5-a7e0-46e91520a5ef")
		(effects
			(font
				(size 1 1)
				(thickness 0.15)
			)
		)
	)
	(property "Description" "IC CONTROLLED, 1-4-CELL, 5-A BUC"
		(at 0 0 0)
		(unlocked yes)
		(layer "F.Fab")
		(hide yes)
		(uuid "d8d159f6-74f1-4a90-9939-0e144f846cdc")
		(effects
			(font
				(size 1 1)
				(thickness 0.15)
			)
		)
	)
	(property "Manufacturer" "Texas Instruments"
		(at 0 0 0)
		(unlocked yes)
		(layer "F.Fab")
		(hide yes)
		(uuid "a185e290-6d6c-4025-9754-90fb175c9559")
		(effects
			(font
				(size 1 1)
				(thickness 0.15)
			)
		)
	)
	(property "MPN" "BQ25798"
		(at 0 0 0)
		(unlocked yes)
		(layer "F.Fab")
		(hide yes)
		(uuid "dad23b39-60ed-4d2b-a183-f7a57241dc2a")
		(effects
			(font
				(size 1 1)
				(thickness 0.15)
			)
		)
	)
	(property "DKPN" ""
		(at 0 0 0)
		(unlocked yes)
		(layer "F.Fab")
		(hide yes)
		(uuid "443d4272-8fdc-4c3a-be83-13d80d71b81c")
		(effects
			(font
				(size 1 1)
				(thickness 0.15)
			)
		)
	)
	(attr smd allow_soldermask_bridges)
	(fp_poly
		(pts
			(xy -2.25 -1.85) (xy -2.5 -1.6) (xy -2.5 -2.1)
		)
		(stroke
			(width 0.1)
			(type solid)
		)
		(fill solid)
		(layer "F.SilkS")
		(uuid "8ac3a230-2b32-4862-86c0-1df8b8d04190")
	)
	(fp_rect
		(start -2 -2)
		(end 2 2)
		(stroke
			(width 0.025)
			(type default)
		)
		(fill none)
		(layer "Dwgs.User")
		(uuid "e0edbb77-517a-49ce-8793-8a40c51deacc")
	)
	(fp_line
		(start -0.35 0)
		(end 0.35 0)
		(stroke
			(width 0.05)
			(type solid)
		)
		(layer "F.Fab")
		(uuid "37305d90-1c20-4dfb-a0ff-c3a3f5349ddf")
	)
	(fp_line
		(start 0 -0.35)
		(end 0 0.35)
		(stroke
			(width 0.05)
			(type solid)
		)
		(layer "F.Fab")
		(uuid "fe4d298c-ff2c-4db3-83ce-87f47e16eab7")
	)
	(fp_rect
		(start -2.05 -2.05)
		(end 2.05 2.05)
		(stroke
			(width 0.12)
			(type default)
		)
		(fill none)
		(layer "F.Fab")
		(uuid "f44b20f7-5cb7-4b27-b1ca-9ba3275de7b9")
	)
	(fp_circle
		(center 0 0)
		(end 0.25 0)
		(stroke
			(width 0.05)
			(type solid)
		)
		(fill none)
		(layer "F.Fab")
		(uuid "02aad68b-3529-4303-a396-f05b597002fb")
	)
	(fp_text user "${REFERENCE}"
		(at 0 0 0)
		(unlocked yes)
		(layer "User.1")
		(hide yes)
		(uuid "1bfce939-9faf-4a4b-adbe-c180ea8dd336")
		(effects
			(font
				(size 0.5 0.5)
				(thickness 0.05)
			)
		)
	)
	(pad "1" smd custom
		(at -1.75 -1.6)
		(size 0.2 0.2)
		(layers "F.Cu" "F.Paste" "F.Mask")
		(thermal_bridge_angle 90)
		(options
			(clearance outline)
			(anchor circle)
		)
		(primitives
			(gr_poly
				(pts
					(xy -0.45 0.05) (xy -0.446194 0.069134) (xy -0.435355 0.085355) (xy -0.419134 0.096194) (xy -0.4 0.1)
					(xy 0.4 0.1) (xy 0.419134 0.096194) (xy 0.435355 0.085355) (xy 0.446194 0.069134) (xy 0.45 0.05)
					(xy 0.45 -0.05) (xy 0.446194 -0.069134) (xy 0.435355 -0.085355) (xy 0.419134 -0.096194) (xy 0.4 -0.1)
					(xy -0.4 -0.1) (xy -0.419134 -0.096194) (xy -0.435355 -0.085355) (xy -0.446194 -0.069134) (xy -0.45 -0.05)
				)
				(width 0)
				(fill yes)
			)
			(gr_poly
				(pts
					(xy 0.3 -0.6) (xy 0.280866 -0.596194) (xy 0.264645 -0.585355) (xy 0.253806 -0.569134) (xy 0.25 -0.55)
					(xy 0.25 -0.05) (xy 0.253806 -0.030866) (xy 0.264645 -0.014645) (xy 0.280866 -0.003806) (xy 0.3 0)
					(xy 0.4 0) (xy 0.419134 -0.003806) (xy 0.435355 -0.014645) (xy 0.446194 -0.030866) (xy 0.45 -0.05)
					(xy 0.45 -0.55) (xy 0.446194 -0.569134) (xy 0.435355 -0.585355) (xy 0.419134 -0.596194) (xy 0.4 -0.6)
				)
				(width 0)
				(fill yes)
			)
		)
		(uuid "6f1deaa2-0921-4175-abf8-b23eae015eb2")
	)
	(pad "2" smd roundrect
		(at -1.9 -1.2)
		(size 0.6 0.2)
		(layers "F.Cu" "F.Paste" "F.Mask")
		(roundrect_rratio 0.25)
		(uuid "c8ab53c3-82ff-42dc-9397-0b96d5eca905")
	)
	(pad "3" smd roundrect
		(at -1.9 -0.8)
		(size 0.6 0.2)
		(layers "F.Cu" "F.Paste" "F.Mask")
		(roundrect_rratio 0.25)
		(uuid "37524be8-f071-4564-abe9-d083abac3b52")
	)
	(pad "4" smd roundrect
		(at -1.9 -0.4)
		(size 0.6 0.2)
		(layers "F.Cu" "F.Paste" "F.Mask")
		(roundrect_rratio 0.25)
		(uuid "0b80f389-5e16-4aa9-9811-9e968adaa264")
	)
	(pad "5" smd roundrect
		(at -1.9 0)
		(size 0.6 0.2)
		(layers "F.Cu" "F.Paste" "F.Mask")
		(roundrect_rratio 0.25)
		(uuid "204c849b-83a5-4778-9795-0b920cd3de47")
	)
	(pad "6" smd roundrect
		(at -1.9 0.4)
		(size 0.6 0.2)
		(layers "F.Cu" "F.Paste" "F.Mask")
		(roundrect_rratio 0.25)
		(uuid "04aec772-2d25-4c01-a90e-8d7b4a3cef7d")
	)
	(pad "7" smd roundrect
		(at -1.9 0.8)
		(size 0.6 0.2)
		(layers "F.Cu" "F.Paste" "F.Mask")
		(roundrect_rratio 0.25)
		(uuid "80aa80c2-0b7a-4cbc-bad8-df774386b7e6")
	)
	(pad "8" smd roundrect
		(at -1.9 1.2)
		(size 0.6 0.2)
		(layers "F.Cu" "F.Paste" "F.Mask")
		(roundrect_rratio 0.25)
		(uuid "d6727e0b-8643-43e0-b7b8-ca55a2bd7752")
	)
	(pad "9" smd custom
		(at -1.75 1.6)
		(size 0.2 0.2)
		(layers "F.Cu" "F.Paste" "F.Mask")
		(thermal_bridge_angle 90)
		(options
			(clearance outline)
			(anchor circle)
		)
		(primitives
			(gr_poly
				(pts
					(xy -0.45 -0.05) (xy -0.446194 -0.069134) (xy -0.435355 -0.085355) (xy -0.419134 -0.096194) (xy -0.4 -0.1)
					(xy 0.4 -0.1) (xy 0.419134 -0.096194) (xy 0.435355 -0.085355) (xy 0.446194 -0.069134) (xy 0.45 -0.05)
					(xy 0.45 0.05) (xy 0.446194 0.069134) (xy 0.435355 0.085355) (xy 0.419134 0.096194) (xy 0.4 0.1)
					(xy -0.4 0.1) (xy -0.419134 0.096194) (xy -0.435355 0.085355) (xy -0.446194 0.069134) (xy -0.45 0.05)
				)
				(width 0)
				(fill yes)
			)
			(gr_poly
				(pts
					(xy 0.3 0.6) (xy 0.280866 0.596194) (xy 0.264645 0.585355) (xy 0.253806 0.569134) (xy 0.25 0.55)
					(xy 0.25 0.05) (xy 0.253806 0.030866) (xy 0.264645 0.014645) (xy 0.280866 0.003806) (xy 0.3 0)
					(xy 0.4 0) (xy 0.419134 0.003806) (xy 0.435355 0.014645) (xy 0.446194 0.030866) (xy 0.45 0.05)
					(xy 0.45 0.55) (xy 0.446194 0.569134) (xy 0.435355 0.585355) (xy 0.419134 0.596194) (xy 0.4 0.6)
				)
				(width 0)
				(fill yes)
			)
		)
		(uuid "d95e27f4-5454-45e5-a334-f3125f0a6ece")
	)
	(pad "10" smd roundrect
		(at -1 1.9 90)
		(size 0.6 0.2)
		(layers "F.Cu" "F.Paste" "F.Mask")
		(roundrect_rratio 0.25)
		(uuid "f64e2a9b-a0a0-42eb-b669-e330cb36c8ba")
	)
	(pad "11" smd roundrect
		(at -0.6 1.9 90)
		(size 0.6 0.2)
		(layers "F.Cu" "F.Paste" "F.Mask")
		(roundrect_rratio 0.25)
		(uuid "ef25b229-7fb9-4949-ab96-abc3c39103bd")
	)
	(pad "12" smd roundrect
		(at -0.2 1.9 90)
		(size 0.6 0.2)
		(layers "F.Cu" "F.Paste" "F.Mask")
		(roundrect_rratio 0.25)
		(uuid "536643af-3021-4f39-b9a6-d634f3038631")
	)
	(pad "13" smd roundrect
		(at 0.2 1.9 90)
		(size 0.6 0.2)
		(layers "F.Cu" "F.Paste" "F.Mask")
		(roundrect_rratio 0.25)
		(uuid "62a4b297-764d-40b5-a10f-529dcdbfb28b")
	)
	(pad "14" smd roundrect
		(at 0.6 1.9 90)
		(size 0.6 0.2)
		(layers "F.Cu" "F.Paste" "F.Mask")
		(roundrect_rratio 0.25)
		(uuid "aa457149-77f3-48ac-9341-f6d3994be21a")
	)
	(pad "15" smd roundrect
		(at 1 1.9 90)
		(size 0.6 0.2)
		(layers "F.Cu" "F.Paste" "F.Mask")
		(roundrect_rratio 0.25)
		(uuid "436e9bb2-3113-44d4-9f61-591c1e74fb59")
	)
	(pad "16" smd custom
		(at 1.75 1.6)
		(size 0.2 0.2)
		(layers "F.Cu" "F.Paste" "F.Mask")
		(thermal_bridge_angle 90)
		(options
			(clearance outline)
			(anchor circle)
		)
		(primitives
			(gr_poly
				(pts
					(xy 0.45 -0.05) (xy 0.446194 -0.069134) (xy 0.435355 -0.085355) (xy 0.419134 -0.096194) (xy 0.4 -0.1)
					(xy -0.4 -0.1) (xy -0.419134 -0.096194) (xy -0.435355 -0.085355) (xy -0.446194 -0.069134) (xy -0.45 -0.05)
					(xy -0.45 0.05) (xy -0.446194 0.069134) (xy -0.435355 0.085355) (xy -0.419134 0.096194) (xy -0.4 0.1)
					(xy 0.4 0.1) (xy 0.419134 0.096194) (xy 0.435355 0.085355) (xy 0.446194 0.069134) (xy 0.45 0.05)
				)
				(width 0)
				(fill yes)
			)
			(gr_poly
				(pts
					(xy -0.3 0.6) (xy -0.280866 0.596194) (xy -0.264645 0.585355) (xy -0.253806 0.569134) (xy -0.25 0.55)
					(xy -0.25 0.05) (xy -0.253806 0.030866) (xy -0.264645 0.014645) (xy -0.280866 0.003806) (xy -0.3 0)
					(xy -0.4 0) (xy -0.419134 0.003806) (xy -0.435355 0.014645) (xy -0.446194 0.030866) (xy -0.45 0.05)
					(xy -0.45 0.55) (xy -0.446194 0.569134) (xy -0.435355 0.585355) (xy -0.419134 0.596194) (xy -0.4 0.6)
				)
				(width 0)
				(fill yes)
			)
		)
		(uuid "44a2b4b5-6308-45eb-a6c0-954549c3e7cd")
	)
	(pad "17" smd roundrect
		(at 1.85 1.2 180)
		(size 0.7 0.2)
		(layers "F.Cu" "F.Paste" "F.Mask")
		(roundrect_rratio 0.25)
		(uuid "5f3cab9e-1415-43be-b702-744b89f875a1")
	)
	(pad "18" smd roundrect
		(at 1.875 0.8 180)
		(size 0.65 0.2)
		(layers "F.Cu" "F.Paste" "F.Mask")
		(roundrect_rratio 0.25)
		(uuid "873f6a32-795a-4bf1-a541-4b37cbfc79ee")
	)
	(pad "19" smd roundrect
		(at 1.8625 0.4 180)
		(size 0.68 0.2)
		(layers "F.Cu" "F.Paste" "F.Mask")
		(roundrect_rratio 0.25)
		(uuid "2158eead-1fa0-45d0-82e3-a455ecaae4e9")
	)
	(pad "20" smd roundrect
		(at 1.9 0 180)
		(size 0.6 0.2)
		(layers "F.Cu" "F.Paste" "F.Mask")
		(roundrect_rratio 0.25)
		(uuid "9a51b5f1-b490-4c0f-9768-69dad789ee40")
	)
	(pad "21" smd roundrect
		(at 1.9 -0.4 180)
		(size 0.6 0.2)
		(layers "F.Cu" "F.Paste" "F.Mask")
		(roundrect_rratio 0.25)
		(uuid "8fc8a3d2-c2f8-4367-95a7-733bb1337f15")
	)
	(pad "22" smd roundrect
		(at 1.9 -0.8 180)
		(size 0.6 0.2)
		(layers "F.Cu" "F.Paste" "F.Mask")
		(roundrect_rratio 0.25)
		(uuid "f32f3b06-cab5-491a-8e72-0b170f3a0545")
	)
	(pad "23" smd roundrect
		(at 1.9 -1.2 180)
		(size 0.6 0.2)
		(layers "F.Cu" "F.Paste" "F.Mask")
		(roundrect_rratio 0.25)
		(uuid "5a3e674b-a275-4a24-810b-ff59935b6574")
	)
	(pad "24" smd custom
		(at 1.75 -1.6)
		(size 0.2 0.2)
		(layers "F.Cu" "F.Paste" "F.Mask")
		(thermal_bridge_angle 90)
		(options
			(clearance outline)
			(anchor circle)
		)
		(primitives
			(gr_poly
				(pts
					(xy 0.45 0.05) (xy 0.446194 0.069134) (xy 0.435355 0.085355) (xy 0.419134 0.096194) (xy 0.4 0.1)
					(xy -0.4 0.1) (xy -0.419134 0.096194) (xy -0.435355 0.085355) (xy -0.446194 0.069134) (xy -0.45 0.05)
					(xy -0.45 -0.05) (xy -0.446194 -0.069134) (xy -0.435355 -0.085355) (xy -0.419134 -0.096194) (xy -0.4 -0.1)
					(xy 0.4 -0.1) (xy 0.419134 -0.096194) (xy 0.435355 -0.085355) (xy 0.446194 -0.069134) (xy 0.45 -0.05)
				)
				(width 0)
				(fill yes)
			)
			(gr_poly
				(pts
					(xy -0.3 -0.6) (xy -0.280866 -0.596194) (xy -0.264645 -0.585355) (xy -0.253806 -0.569134) (xy -0.25 -0.55)
					(xy -0.25 -0.05) (xy -0.253806 -0.030866) (xy -0.264645 -0.014645) (xy -0.280866 -0.003806) (xy -0.3 0)
					(xy -0.4 0) (xy -0.419134 -0.003806) (xy -0.435355 -0.014645) (xy -0.446194 -0.030866) (xy -0.45 -0.05)
					(xy -0.45 -0.55) (xy -0.446194 -0.569134) (xy -0.435355 -0.585355) (xy -0.419134 -0.596194) (xy -0.4 -0.6)
				)
				(width 0)
				(fill yes)
			)
		)
		(uuid "2268c553-3689-46dc-afc9-dc953d4238d7")
	)
	(pad "25" smd roundrect
		(at 0.9 -1.7 270)
		(size 1 0.2)
		(layers "F.Cu" "F.Paste" "F.Mask")
		(roundrect_rratio 0.25)
		(uuid "0ff857d0-609b-4a69-9d8f-de50f73b48b2")
	)
	(pad "26" smd roundrect
		(at 0.45 -1.7 270)
		(size 1 0.2)
		(layers "F.Cu" "F.Paste" "F.Mask")
		(roundrect_rratio 0.25)
		(uuid "3d49b8df-bd66-479b-ad5f-efb8c35441cd")
	)
	(pad "27" smd roundrect
		(at 0 -1.7 270)
		(size 1 0.2)
		(layers "F.Cu" "F.Paste" "F.Mask")
		(roundrect_rratio 0.25)
		(uuid "2341e338-e7ac-4a73-a0cc-7cff950fa3e9")
	)
	(pad "28" smd roundrect
		(at -0.45 -1.7 270)
		(size 1 0.2)
		(layers "F.Cu" "F.Paste" "F.Mask")
		(roundrect_rratio 0.25)
		(uuid "38c37537-a0b0-44b6-a4d9-f7fba431e696")
	)
	(pad "29" smd roundrect
		(at -0.9 -1.725 270)
		(size 0.95 0.2)
		(layers "F.Cu" "F.Paste" "F.Mask")
		(roundrect_rratio 0.25)
		(uuid "19feefec-d53b-4580-94ff-cbc9d0876aba")
	)
	(model "${KIPRJMOD}/libraries/3d_models/RQM0029A.STEP"
		(offset
			(xyz 0 0 0)
		)
		(scale
			(xyz 1 1 1)
		)
		(rotate
			(xyz 0 0 0)
		)
	)
)
